1789188334661481562
1789188334874022915
1789188335086479817
1789188335304144439
1789188335517156057
1789188335729704003
1789188335942643653
1789188336156170715
1789188336369837787
1789188336582385729
1789188336797199770
1789188337011238016
1789188337224413183
1789188337438320342
1789188337649537301
1789188337862061171
1789188338078410759
1789188338295844942
1789188338508672556
1789188338721551118
1789188338934522893
1789188339147106950
1789188339359921787
1789188339576237046
1789188339790243157
1789188340003816030
1789188340216993485
1789188340429716632
1789188340642843488
1789188340855847438
1789188341073691672
1789188341286871392
1789188341500080585
1789188341713188945
1789188341926434247
1789188342139235672
1789188342352463890
1789188342567945224
1789188342781347038
1789188342994916267
1789188343208113574
1789188343421247293
1789188343637953264
1789188343851247899
1789188344063989607
1789188344277249625
1789188344490120860
1789188344702642586
1789188344914950767
1789188345127513163
1789188345339880368
1789188345552596647
1789188345764180894
1789188345977058723
1789188346189942830
1789188346403072911
1789188346615632472
1789188346829142673
1789188347042232186
1789188347255609203
1789188347469372240
1789188347682577366
1789188347903105767
1789188348116623594
1789188348329764835
1789188348542987435
1789188348756994898
1789188348970685784
1789188349184545795
1789188349398700319
1789188349611192524
1789188349825336796
1789188350038644071
1789188350251738592
1789188350465293701
1789188350678549216
1789188350891608462
1789188351103923906
1789188351316643532
1789188351529894019
1789188351742508396
1789188351955795734
1789188352168759226
1789188352381005317
1789188352594004364
1789188352806432109
1789188353019410232
1789188353232742200
1789188353446033090
1789188353659616376
1789188353872748011
1789188354085769831
1789188354302352789
1789188354516456667
1789188354731226829
1789188354944868613
1789188355157726445
1789188355371638922
1789188355584408956
1789188355801202614
1789188356013996750
1789188356226756199
1789188356440334851
1789188356678366942
1789188356891920012
1789188357105435796
1789188357319134713
1789188357532843437
1789188357746940544
1789188357964114733
1789188358177151257
1789188358391153205
1789188358603884732
1789188358816878662
1789188359029672092
1789188359242316933
1789188359455599329
1789188359668263654
1789188359881771621
1789188360095409699
1789188360307052066
1789188360520276703
1789188360733797542
1789188360946568455
1789188361168850385
1789188361382490101
1789188361597663181
1789188361811422849
1789188362025493507
1789188362238548532
1789188362451923589
1789188362665689761
1789188362879426308
1789188363092914346
1789188363304224338
1789188363516702286
1789188363729273871
1789188363943139344
1789188364156849837
